[VERTICES]
-720 -192
-48 -192
-720 288
-48 288
-288 288
-480 288
-288 624
-48 624
-288 768
-48 768
-48 960
-48 432
240 432
240 960
240 768
240 624
912 624
912 768
912 96
912 1296
1824 1296
1824 96
-480 624
-624 624
-624 768
-480 768
-624 480
-912 480
-912 912
-624 912
-480 1248
-288 1248
-624 1248
-144 1248
-624 1536
-288 1536
-288 1776
-144 1920
-816 1776
-816 1920
-816 1680
-816 2016
-1056 2016
-1056 1680

[LINEDEFS]
2 0 4 0 0 0 65535
0 1 4 0 0 0 65535
1 3 4 0 0 0 65535
4 3 4 0 0 0 65535
2 5 4 0 0 0 65535
4 6 4 0 0 0 65535
6 7 4 0 0 0 65535
7 11 4 0 0 0 65535
11 12 4 0 0 0 65535
8 9 4 0 0 0 65535
9 10 4 0 0 0 65535
10 13 4 0 0 0 65535
14 13 4 0 0 0 65535
15 12 4 0 0 0 65535
14 17 4 0 0 0 65535
16 15 4 0 0 0 65535
17 19 4 0 0 0 65535
19 20 4 0 0 0 65535
20 21 4 0 0 0 65535
21 18 4 0 0 0 65535
18 16 4 0 0 0 65535
5 22 4 0 0 0 65535
22 23 4 0 0 0 65535
23 26 4 0 0 0 65535
26 27 4 0 0 0 65535
27 28 4 0 0 0 65535
28 29 4 0 0 0 65535
29 24 4 0 0 0 65535
24 25 4 0 0 0 65535
30 25 4 0 0 0 65535
31 8 4 0 0 0 65535
34 32 4 0 0 0 65535
32 30 4 0 0 0 65535
31 33 4 0 0 0 65535
35 34 4 0 0 0 65535
36 35 4 0 0 0 65535
37 33 4 0 0 0 65535
39 37 4 0 0 0 65535
38 36 4 0 0 0 65535
39 41 4 0 0 0 65535
41 42 4 0 0 0 65535
42 43 4 0 0 0 65535
43 40 4 0 0 0 65535
40 38 4 0 0 0 65535

[THINGS]
