[VERTICES]
0 704
224 704
-128 608
352 608
-32 576
256 576
-32 448
256 448
-128 256
352 256
-96 416
-128 352
352 352
320 416
-32 128
320 160
256 128
256 64
-32 64
-128 64
352 64
-128 0
352 0
0 -128
224 -128
-96 160
64 96
32 160
160 128
160 96
-64 352
-64 288
0 288
0 352
96 256
96 352
128 352
128 256
192 224
288 224
288 288
192 288
64 608
64 544
160 544
160 608

[LINEDEFS]
0 1 4 0 0 0 65535
1 3 4 0 0 0 65535
3 5 4 0 0 0 65535
5 7 4 0 0 0 65535
7 13 4 0 0 0 65535
13 12 4 0 0 0 65535
12 9 4 0 0 0 65535
9 15 4 0 0 0 65535
15 16 4 0 0 0 65535
16 17 4 0 0 0 65535
17 20 4 0 0 0 65535
20 22 4 0 0 0 65535
22 24 4 0 0 0 65535
0 2 4 0 0 0 65535
2 4 4 0 0 0 65535
4 6 4 0 0 0 65535
6 10 4 0 0 0 65535
10 11 4 0 0 0 65535
11 8 4 0 0 0 65535
14 18 4 0 0 0 65535
18 19 4 0 0 0 65535
19 21 4 0 0 0 65535
21 23 4 0 0 0 65535
23 24 4 0 0 0 65535
8 25 4 0 0 0 65535
25 14 4 0 0 0 65535
27 28 4 0 0 0 65535
28 29 4 0 0 0 65535
29 26 4 0 0 0 65535
26 27 4 0 0 0 65535
30 33 4 0 0 0 65535
33 32 4 0 0 0 65535
32 31 4 0 0 0 65535
31 30 4 0 0 0 65535
35 36 4 0 0 0 65535
36 37 4 0 0 0 65535
37 34 4 0 0 0 65535
34 35 4 0 0 0 65535
38 39 4 0 0 0 65535
39 40 4 0 0 0 65535
38 41 4 0 0 0 65535
41 40 4 0 0 0 65535
42 45 4 0 0 0 65535
45 44 4 0 0 0 65535
44 43 4 0 0 0 65535
43 42 4 0 0 0 65535

[THINGS]
