[VERTICES]
-512 -512
-512 -224
-352 -256
-384 -256
-384 -224
-512 1024
672 1024
672 -512
-512 -192
-352 -192
-160 -32
0 -64
32 -32
-128 0
-256 192
-256 448
-224 224
-224 256
-256 256
-256 224
-224 416
-224 384
-256 384
-256 416
32 416
32 320
256 320
256 416
128 -160
224 -32
288 -64
192 -192
384 -192
416 -192
384 -224
416 -224
416 768
384 736
416 736
384 768
448 384
448 416
416 384
416 416
416 256
416 224
448 224
448 256
-224 768
-224 704
-32 704
-32 768
-512 864
-512 832
-352 832
-384 864
-384 896
-352 896
-32 992
-64 992
-32 1024
-64 1024
128 992
160 992
160 1024
128 1024
160 768
256 832
96 832
192 896

[LINEDEFS]
1 4 4 0 0 0 65535
2 3 4 0 0 0 65535
3 4 4 0 0 0 65535
5 0 4 0 0 0 65535
5 6 4 0 0 0 65535
6 7 4 0 0 0 65535
7 0 4 0 0 0 65535
8 9 4 0 0 0 65535
9 2 4 0 0 0 65535
10 13 4 0 0 0 65535
13 12 4 0 0 0 65535
12 11 4 0 0 0 65535
11 10 4 0 0 0 65535
15 14 4 0 0 0 65535
23 20 4 0 0 0 65535
20 21 4 0 0 0 65535
21 22 4 0 0 0 65535
18 17 4 0 0 0 65535
17 16 4 0 0 0 65535
16 19 4 0 0 0 65535
24 25 4 0 0 0 65535
25 26 4 0 0 0 65535
26 27 4 0 0 0 65535
27 24 4 0 0 0 65535
28 31 4 0 0 0 65535
31 30 4 0 0 0 65535
30 29 4 0 0 0 65535
29 28 4 0 0 0 65535
39 36 4 0 0 0 65535
36 38 4 0 0 0 65535
38 37 4 0 0 0 65535
37 39 4 0 0 0 65535
32 34 4 0 0 0 65535
34 35 4 0 0 0 65535
35 33 4 0 0 0 65535
33 32 4 0 0 0 65535
33 38 4 0 0 0 65535
43 41 4 0 0 0 65535
41 40 4 0 0 0 65535
40 42 4 0 0 0 65535
44 47 4 0 0 0 65535
47 46 4 0 0 0 65535
46 45 4 0 0 0 65535
47 40 4 0 0 0 65535
48 51 4 0 0 0 65535
51 50 4 0 0 0 65535
50 49 4 0 0 0 65535
49 48 4 0 0 0 65535
53 54 4 0 0 0 65535
54 57 4 0 0 0 65535
57 56 4 0 0 0 65535
56 55 4 0 0 0 65535
55 52 4 0 0 0 65535
61 59 4 0 0 0 65535
59 58 4 0 0 0 65535
58 60 4 0 0 0 65535
62 63 4 0 0 0 65535
63 64 4 0 0 0 65535
62 65 4 0 0 0 65535
68 66 4 0 0 0 65535
66 67 4 0 0 0 65535
67 69 4 0 0 0 65535
69 68 4 0 0 0 65535

[THINGS]
